01  08  04  03
02  14  34  39
03  04  08  01
04  03  08  01
05  06  07  11
06  15  07  09
07  09  06  15
08  01  03  04
09  06  15  05
10  16  08  01
11  05  06  15
12  14  39  13 
13  14  12  09
14  13  12  09
15  06  05  09
16  10  03  04
17  18  23  31
18  17  23  32
19  24  28  22
20  23  22  40
21  22  24  19
22  21  20  34  
23  20  24  18
24  19  23  21
25  26  33  28
26  25  33  28
27  31  32  19
28  25  26  20
29  30  39  22
30  29  39  22
31  32  17  27
32  24  31  19
33  25  26  28
34  21  02  22
35  18  36  39
36  38  19  35
37  08  01  36
38  36  39  35
39  21  22  38
40  20  35  17